1073741824S,0C
0 0
56904 1
7569 1
221490 1
13542 1
11358 1
16755 1
12935 1
6372 1
3488 1
8378649 1
10283587 1
66997 1
3893 1
4702 1
4407 1
4392 1
14209 1
5287 1
40073 1
9421718 1
4420 1
9421884 1
10282801 1
62471 1
8379694 1
4272 1
9307 1
9421875 1
14480962 1
40778 1
21782742 1
40127 1
21783095 1
21781935 1
31399991 1
16352 1
39891 1
20902934 1
29408755 1
1561 1
32363157 1
13245 1
33563377 1
33563377 1
31082186 1
18146982 1
3696 1
2072 1
1125 1
3429 1
2238 1
9136 1
5363 1
23855 1
5214 1
4469 1
16390 1
9650 1
5005 1
8141 1
8149 1
3382 1
15658 1
16315 1
7132 1
24109 1
16330 1
10155 1
24144 1
24110 1
12099 1
12773 1
9770 1
11088 1
16316 1
23623 1
23623 1
2981 1
6247 1
23631 1
1355 1
11469 1
36927 1
3784 1
7158 1
3930 1
4499 1
4488 1
6990 1
6963 1
4530 1
4721 1
14847 1
3299 1
3313 1
7288 1
1343 1
1350 1
901 1
4716 1
10871 1
24030 1
8106 1
8228 1
72596 1
7171 1
3124 1
3966 1
4473 1
10892 1
7003 1
11425 1
20066 1
25741 1
4429 1
2382472 1
6336 1
8006 1
32244 1
11025 1
4329 1
15480 1
4329 1
9766 1
19072 1
3050 1
1560 1
22648 1
8123 1
2460 1
8716 1
3714347 1
7900 1
7665 1
32386 1
23782 1
12809 1
4899 1
6562 1
8135 1
10878333 1
4809 1
2047 1
2003 1
2354 1
2125 1
8119357 1
2454 1
2094 1
2128 1
9830 1
6994 1
2028 1
10878369 1
11579 1
2139 1
2052 1
2112 1
12542 1
2018 1
6889 1
7440 1
7412576 1
2014 1
2086 1
2024 1
2188 1
2063 1
2096 1
332285 1
15440 1
15457 1
2063 1
2021 1
15498 1
4882241 1
15449 1
2152 1
2089 1
2066 1
2080 1
2049 1
2130 1
2078 1
2099 1
2225 1
2024 1
2092 1
2048 1
2104 1
2048 1
10878857 1
2102 1
10889 1
2114 1
2030 1
2158 1
11313 1
2103 1
2100 1
2026 1
2083 1
2125 1
